21
A_arboreum_153           0.0000000 0.0037455 0.0302170 0.0367324 0.0366488 0.0108907 0.0290737 0.0041789 0.0269493 0.0300542 0.0337755 0.0073255 0.0121070 0.0371313 0.0325582 0.0267466 0.0276880 0.0326319 0.0290397 0.0352675 0.0519997 
A_balsamiferum_TM178     0.0037455 0.0000000 0.0235938 0.0332630 0.0343275 0.0085120 0.0233536 0.0035333 0.0230322 0.0219686 0.0242580 0.0063091 0.0087225 0.0311198 0.0229946 0.0224092 0.0196491 0.0240912 0.0232795 0.0336502 0.0468382 
A_cuneatum_134           0.0302170 0.0235938 0.0000000 0.0388836 0.0375193 0.0262499 0.0207151 0.0300650 0.0179405 0.0255428 0.0302825 0.0166052 0.0277346 0.0381754 0.0304168 0.0237106 0.0238074 0.0290413 0.0256295 0.0362737 0.0532090 
A_goochiae_TM184         0.0367324 0.0332630 0.0388836 0.0000000 0.0155189 0.0330809 0.0360146 0.0378180 0.0382266 0.0371320 0.0386248 0.0277359 0.0343922 0.0368887 0.0390888 0.0350432 0.0352667 0.0381611 0.0380246 0.0375986 0.0572335 
A_lindleyi_TM190         0.0366488 0.0343275 0.0375193 0.0155189 0.0000000 0.0338239 0.0366140 0.0371305 0.0368228 0.0354699 0.0378303 0.0268015 0.0335363 0.0382162 0.0368787 0.0348547 0.0346464 0.0394349 0.0393343 0.0372372 0.0547038 
A_stuessyi_TM2031        0.0108907 0.0085120 0.0262499 0.0330809 0.0338239 0.0000000 0.0242362 0.0119437 0.0240061 0.0186730 0.0204167 0.0024916 0.0024153 0.0368132 0.0203377 0.0162009 0.0151704 0.0221533 0.0233021 0.0320381 0.0440846 
Aeo_glutinosum           0.0290737 0.0233536 0.0207151 0.0360146 0.0366140 0.0242362 0.0000000 0.0282607 0.0211430 0.0257139 0.0291678 0.0172906 0.0268885 0.0362544 0.0280467 0.0252162 0.0248039 0.0283009 0.0272556 0.0345294 0.0494542 
Aeo_korneliuslemsii      0.0041789 0.0035333 0.0300650 0.0378180 0.0371305 0.0119437 0.0282607 0.0000000 0.0271251 0.0313855 0.0328021 0.0092325 0.0127363 0.0370159 0.0316507 0.0279251 0.0272728 0.0326614 0.0304789 0.0364876 0.0504234 
A_canariense_TM189       0.0269493 0.0230322 0.0179405 0.0382266 0.0368228 0.0240061 0.0211430 0.0271251 0.0000000 0.0236473 0.0269752 0.0180935 0.0273833 0.0353606 0.0269909 0.0237445 0.0213921 0.0252161 0.0248520 0.0357405 0.0528021 
A_ciliatum_135           0.0300542 0.0219686 0.0255428 0.0371320 0.0354699 0.0186730 0.0257139 0.0313855 0.0236473 0.0000000 0.0151880 0.0112052 0.0201675 0.0392155 0.0104728 0.0064873 0.0077378 0.0187352 0.0214448 0.0352874 0.0503420 
A_davidbramwellii_TM2021 0.0337755 0.0242580 0.0302825 0.0386248 0.0378303 0.0204167 0.0291678 0.0328021 0.0269752 0.0151880 0.0000000 0.0139937 0.0205745 0.0410687 0.0156453 0.0117331 0.0110711 0.0180598 0.0224549 0.0379459 0.0534247 
A_gorgoneum_TM185        0.0073255 0.0063091 0.0166052 0.0277359 0.0268015 0.0024916 0.0172906 0.0092325 0.0180935 0.0112052 0.0139937 0.0000000 0.0037759 0.0261508 0.0131831 0.0113476 0.0100832 0.0147274 0.0170707 0.0247597 0.0426370 
A_leucoblepharu          0.0121070 0.0087225 0.0277346 0.0343922 0.0335363 0.0024153 0.0268885 0.0127363 0.0273833 0.0201675 0.0205745 0.0037759 0.0000000 0.0388431 0.0212248 0.0176548 0.0165658 0.0218366 0.0257533 0.0332664 0.0445999 
A_saundersii_merged      0.0371313 0.0311198 0.0381754 0.0368887 0.0382162 0.0368132 0.0362544 0.0370159 0.0353606 0.0392155 0.0410687 0.0261508 0.0388431 0.0000000 0.0428865 0.0347158 0.0364322 0.0433834 0.0377209 0.0326755 0.0471477 
A_urbicum_TM2001         0.0325582 0.0229946 0.0304168 0.0390888 0.0368787 0.0203377 0.0280467 0.0316507 0.0269909 0.0104728 0.0156453 0.0131831 0.0212248 0.0428865 0.0000000 0.0085830 0.0096998 0.0207556 0.0232848 0.0377950 0.0512341 
A_volkerii_TM194         0.0267466 0.0224092 0.0237106 0.0350432 0.0348547 0.0162009 0.0252162 0.0279251 0.0237445 0.0064873 0.0117331 0.0113476 0.0176548 0.0347158 0.0085830 0.0000000 0.0074315 0.0163691 0.0195418 0.0348732 0.0486472 
Aeo_haworthii            0.0276880 0.0196491 0.0238074 0.0352667 0.0346464 0.0151704 0.0248039 0.0272728 0.0213921 0.0077378 0.0110711 0.0100832 0.0165658 0.0364322 0.0096998 0.0074315 0.0000000 0.0160053 0.0180657 0.0339833 0.0467353 
A_valverdense_TM2131     0.0326319 0.0240912 0.0290413 0.0381611 0.0394349 0.0221533 0.0283009 0.0326614 0.0252161 0.0187352 0.0180598 0.0147274 0.0218366 0.0433834 0.0207556 0.0163691 0.0160053 0.0000000 0.0178357 0.0395516 0.0546018 
A_nobile_TM191           0.0290397 0.0232795 0.0256295 0.0380246 0.0393343 0.0233021 0.0272556 0.0304789 0.0248520 0.0214448 0.0224549 0.0170707 0.0257533 0.0377209 0.0232848 0.0195418 0.0180657 0.0178357 0.0000000 0.0367640 0.0566695 
A_sedifolium_TM187       0.0352675 0.0336502 0.0362737 0.0375986 0.0372372 0.0320381 0.0345294 0.0364876 0.0357405 0.0352874 0.0379459 0.0247597 0.0332664 0.0326755 0.0377950 0.0348732 0.0339833 0.0395516 0.0367640 0.0000000 0.0506249 
Mon_mura_111             0.0519997 0.0468382 0.0532090 0.0572335 0.0547038 0.0440846 0.0494542 0.0504234 0.0528021 0.0503420 0.0534247 0.0426370 0.0445999 0.0471477 0.0512341 0.0486472 0.0467353 0.0546018 0.0566695 0.0506249 0.0000000 
